80
22
3306
37547
37578
37587
37546
37545
37577
37574
37609
37572
37583
41820
37604
37618
37569
37612
37607
37549
59424
37615
45123
47880
37596
37562
37568
37555
37588
37554
49052
41816
37553
37593
37580
37598
37591
37557
37594
37610
41819
37611
37559
37616
37603
37560
37605
37571
37592
49051
37581
37602
37586
37590
37585
37566
37606
37558
37552
37561
22
37579
37565
37599
37614
37563
37573
37582
59738
37556
37548
37567
37570
37575
37595
37551
22
37613
37576
37589
37597
37550
37564
37608
7053
7054
8046
7055
8047
8080
8049
8050
8051
8052
9044
8053
8054
9046
47350
22
8055
9047
9049
9050
9051
9052
9053
9054
9055
7044
7046
7047
7049
58537
7050
7051
7052
8044
8055
8080
8054
